Number of Particles of Type 1,200
Number of Particles of Type 2,0
Number of Particles of Type 3,0
Number of Particles of Type 4,0
Number of Updates,Frame Time,TotalTime,
0,0.016,0.016,
0,0,0.016,
0,0,0.016,
0,0.016,0.032,
0,0,0.032,
0,0,0.032,
0,0,0.032,
0,0,0.032,
0,0,0.032,
1,0.015,0.047,
1,0.031,0.078,
0,0.016,0.094,
0,0,0.094,
0,0,0.094,
1,0.016,0.11,
0,0.015,0.125,
0,0,0.125,
0,0,0.125,
1,0.016,0.141,
0,0.016,0.157,
1,0.015,0.172,
1,0.031,0.203,
0,0.016,0.219,
0,0,0.219,
0,0,0.219,
0,0,0.219,
1,0.016,0.235,
0,0.015,0.25,
0,0.016,0.266,
0,0,0.266,
0,0,0.266,
0,0,0.266,
0,0,0.266,
1,0.016,0.282,
0,0.015,0.297,
1,0.016,0.313,
0,0.015,0.328,
1,0.016,0.344,
0,0.016,0.36,
0,0,0.36,
0,0,0.36,
0,0,0.36,
1,0.015,0.375,
0,0.016,0.391,
0,0,0.391,
1,0.016,0.407,
0,0.015,0.422,
0,0,0.422,
1,0.016,0.438,
0,0.015,0.453,
1,0.016,0.469,
0,0.016,0.485,
0,0,0.485,
1,0.015,0.5,
0,0.032,0.532,
0,0,0.532,
0,0,0.532,
0,0,0.532,
0,0,0.532,
1,0.015,0.547,
0,0.016,0.563,
0,0,0.563,
0,0,0.563,
1,0.015,0.578,
0,0.016,0.594,
0,0,0.594,
1,0.016,0.61,
0,0.015,0.625,
0,0,0.625,
0,0,0.625,
1,0.016,0.641,
0,0.016,0.657,
0,0,0.657,
1,0.015,0.672,
0,0.016,0.688,
0,0,0.688,
1,0.015,0.703,
1,0.032,0.735,
0,0.015,0.75,
0,0,0.75,
0,0.016,0.766,
0,0,0.766,
0,0,0.766,
0,0,0.766,
0,0,0.766,
1,0.016,0.782,
0,0.015,0.797,
0,0,0.797,
1,0.016,0.813,
0,0.015,0.828,
0,0,0.828,
1,0.016,0.844,
0,0.016,0.86,
0,0,0.86,
0,0,0.86,
1,0.015,0.875,
0,0.016,0.891,
1,0.016,0.907,
0,0.015,0.922,
0,0,0.922,
1,0.016,0.938,
0,0.015,0.953,
1,0.016,0.969,
1,0.047,1.016,
1,0.031,1.047,
1,0.031,1.078,
0,0.016,1.094,
0,0,1.094,
0,0,1.094,
1,0.016,1.11,
0,0.015,1.125,
0,0,1.125,
0,0,1.125,
1,0.016,1.141,
0,0.016,1.157,
0,0,1.157,
0,0,1.157,
1,0.015,1.172,
0,0.016,1.188,
0,0,1.188,
0,0,1.188,
1,0.015,1.203,
0,0.016,1.219,
0,0,1.219,
0,0,1.219,
1,0.016,1.235,
0,0.015,1.25,
0,0,1.25,
0,0,1.25,
0,0.016,1.266,
0,0,1.266,
0,0,1.266,
0,0,1.266,
0,0,1.266,
0,0,1.266,
0,0,1.266,
1,0.016,1.282,
0,0.015,1.297,
0,0,1.297,
1,0.016,1.313,
0,0.015,1.328,
0,0,1.328,
0,0,1.328,
1,0.016,1.344,
0,0.016,1.36,
0,0,1.36,
0,0,1.36,
1,0.015,1.375,
0,0.016,1.391,
0,0,1.391,
0,0,1.391,
1,0.016,1.407,
0,0.015,1.422,
0,0,1.422,
1,0.016,1.438,
0,0.015,1.453,
0,0,1.453,
0,0,1.453,
1,0.016,1.469,
0,0.016,1.485,
0,0,1.485,
0,0,1.485,
1,0.015,1.5,
0,0.016,1.516,
0,0,1.516,
0,0,1.516,
0,0.016,1.532,
0,0,1.532,
0,0,1.532,
0,0,1.532,
0,0,1.532,
0,0,1.532,
0,0,1.532,
1,0.015,1.547,
0,0.016,1.563,
0,0,1.563,
0,0,1.563,
1,0.015,1.578,
0,0.016,1.594,
0,0,1.594,
0,0,1.594,
0,0,1.594,
1,0.016,1.61,
0,0.015,1.625,
0,0,1.625,
0,0,1.625,
1,0.016,1.641,
0,0.016,1.657,
0,0,1.657,
0,0,1.657,
1,0.015,1.672,
0,0.016,1.688,
0,0,1.688,
0,0,1.688,
0,0,1.688,
1,0.015,1.703,
0,0.016,1.719,
0,0,1.719,
0,0,1.719,
1,0.016,1.735,
0,0.015,1.75,
0,0,1.75,
0,0,1.75,
0,0,1.75,
0,0.016,1.766,
0,0,1.766,
0,0,1.766,
0,0,1.766,
0,0,1.766,
0,0,1.766,
1,0.016,1.782,
0,0.015,1.797,
0,0,1.797,
0,0,1.797,
0,0,1.797,
1,0.016,1.813,
0,0.015,1.828,
0,0,1.828,
0,0,1.828,
1,0.016,1.844,
0,0.016,1.86,
0,0,1.86,
0,0,1.86,
1,0.015,1.875,
0,0.016,1.891,
0,0,1.891,
0,0,1.891,
1,0.016,1.907,
0,0.015,1.922,
0,0,1.922,
0,0,1.922,
1,0.016,1.938,
0,0.015,1.953,
0,0,1.953,
0,0,1.953,
0,0,1.953,
1,0.016,1.969,
0,0.016,1.985,
0,0,1.985,
0,0,1.985,
1,0.015,2,
0,0.016,2.016,
0,0,2.016,
0,0,2.016,
0,0,2.016,
0,0.016,2.032,
0,0,2.032,
0,0,2.032,
0,0,2.032,
0,0,2.032,
0,0,2.032,
1,0.015,2.047,
0,0.016,2.063,
0,0,2.063,
0,0,2.063,
1,0.015,2.078,
0,0.016,2.094,
0,0,2.094,
0,0,2.094,
1,0.016,2.11,
0,0.015,2.125,
0,0,2.125,
0,0,2.125,
0,0,2.125,
1,0.016,2.141,
0,0.016,2.157,
0,0,2.157,
0,0,2.157,
0,0,2.157,
1,0.015,2.172,
0,0.016,2.188,
0,0,2.188,
0,0,2.188,
1,0.015,2.203,
0,0.016,2.219,
0,0,2.219,
0,0,2.219,
0,0,2.219,
1,0.016,2.235,
0,0.015,2.25,
0,0,2.25,
0,0,2.25,
0,0,2.25,
0,0.016,2.266,
0,0,2.266,
0,0,2.266,
0,0,2.266,
0,0,2.266,
1,0.016,2.282,
0,0.015,2.297,
0,0,2.297,
1,0.016,2.313,
0,0.015,2.328,
0,0,2.328,
0,0,2.328,
1,0.016,2.344,
0,0.016,2.36,
0,0,2.36,
0,0,2.36,
1,0.015,2.375,
0,0.016,2.391,
0,0,2.391,
1,0.016,2.407,
0,0.015,2.422,
0,0,2.422,
1,0.016,2.438,
0,0.015,2.453,
0,0,2.453,
0,0,2.453,
1,0.016,2.469,
0,0.016,2.485,
0,0,2.485,
0,0,2.485,
1,0.015,2.5,
0,0.016,2.516,
0,0,2.516,
0,0,2.516,
0,0,2.516,
0,0.016,2.532,
0,0,2.532,
0,0,2.532,
0,0,2.532,
0,0,2.532,
0,0,2.532,
1,0.015,2.547,
0,0.016,2.563,
0,0,2.563,
0,0,2.563,
1,0.015,2.578,
0,0.016,2.594,
0,0,2.594,
0,0,2.594,
0,0,2.594,
1,0.016,2.61,
0,0.015,2.625,
0,0,2.625,
0,0,2.625,
1,0.016,2.641,
0,0.016,2.657,
0,0,2.657,
0,0,2.657,
0,0,2.657,
1,0.015,2.672,
0,0.016,2.688,
0,0,2.688,
0,0,2.688,
1,0.015,2.703,
0,0.016,2.719,
0,0,2.719,
0,0,2.719,
1,0.016,2.735,
0,0.015,2.75,
0,0,2.75,
0,0,2.75,
0,0,2.75,
0,0.016,2.766,
0,0,2.766,
0,0,2.766,
0,0,2.766,
0,0,2.766,
0,0,2.766,
1,0.016,2.782,
0,0.015,2.797,
0,0,2.797,
0,0,2.797,
0,0,2.797,
1,0.016,2.813,
0,0.015,2.828,
0,0,2.828,
0,0,2.828,
0,0,2.828,
1,0.016,2.844,
0,0.016,2.86,
0,0,2.86,
0,0,2.86,
1,0.015,2.875,
0,0.016,2.891,
0,0,2.891,
1,0.016,2.907,
0,0.015,2.922,
0,0,2.922,
0,0,2.922,
0,0,2.922,
1,0.016,2.938,
0,0.015,2.953,
0,0,2.953,
0,0,2.953,
0,0,2.953,
1,0.016,2.969,
0,0.016,2.985,
0,0,2.985,
0,0,2.985,
1,0.015,3,
0,0.016,3.016,
0,0,3.016,
0,0,3.016,
0,0,3.016,
0,0.016,3.032,
0,0,3.032,
0,0,3.032,
0,0,3.032,
0,0,3.032,
1,0.015,3.047,
0,0.016,3.063,
0,0,3.063,
0,0,3.063,
0,0,3.063,
1,0.015,3.078,
0,0.016,3.094,
0,0,3.094,
1,0.016,3.11,
0,0.015,3.125,
0,0,3.125,
0,0,3.125,
1,0.016,3.141,
0,0.016,3.157,
0,0,3.157,
0,0,3.157,
0,0,3.157,
1,0.015,3.172,
0,0.016,3.188,
0,0,3.188,
0,0,3.188,
0,0,3.188,
1,0.015,3.203,
0,0.016,3.219,
0,0,3.219,
0,0,3.219,
1,0.016,3.235,
0,0.015,3.25,
0,0,3.25,
0,0,3.25,
0,0,3.25,
0,0.016,3.266,
0,0,3.266,
0,0,3.266,
0,0,3.266,
0,0,3.266,
0,0,3.266,
1,0.016,3.282,
0,0.015,3.297,
0,0,3.297,
0,0,3.297,
1,0.016,3.313,
0,0.015,3.328,
0,0,3.328,
0,0,3.328,
0,0,3.328,
1,0.016,3.344,
0,0.016,3.36,
0,0,3.36,
0,0,3.36,
1,0.015,3.375,
0,0.016,3.391,
0,0,3.391,
0,0,3.391,
1,0.016,3.407,
0,0.015,3.422,
0,0,3.422,
0,0,3.422,
1,0.016,3.438,
0,0.015,3.453,
0,0,3.453,
0,0,3.453,
1,0.016,3.469,
0,0.016,3.485,
0,0,3.485,
0,0,3.485,
1,0.015,3.5,
0,0.016,3.516,
0,0,3.516,
0,0,3.516,
0,0.016,3.532,
0,0,3.532,
0,0,3.532,
0,0,3.532,
0,0,3.532,
0,0,3.532,
0,0,3.532,
1,0.015,3.547,
0,0.016,3.563,
0,0,3.563,
0,0,3.563,
1,0.015,3.578,
0,0.016,3.594,
0,0,3.594,
0,0,3.594,
1,0.016,3.61,
0,0.015,3.625,
0,0,3.625,
0,0,3.625,
0,0,3.625,
1,0.016,3.641,
0,0.016,3.657,
0,0,3.657,
0,0,3.657,
0,0,3.657,
1,0.015,3.672,
0,0.016,3.688,
0,0,3.688,
0,0,3.688,
1,0.015,3.703,
0,0.016,3.719,
0,0,3.719,
0,0,3.719,
0,0,3.719,
1,0.016,3.735,
0,0.015,3.75,
0,0,3.75,
0,0.016,3.766,
0,0,3.766,
0,0,3.766,
0,0,3.766,
0,0,3.766,
0,0,3.766,
0,0,3.766,
1,0.016,3.782,
0,0.015,3.797,
1,0.016,3.813,
0,0.015,3.828,
1,0.016,3.844,
0,0.016,3.86,
1,0.015,3.875,
1,0.032,3.907,
0,0.015,3.922,
1,0.016,3.938,
1,0.031,3.969,
1,0.031,4,
0,0.016,4.016,
0,0.016,4.032,
0,0,4.032,
0,0,4.032,
0,0,4.032,
0,0,4.032,
1,0.015,4.047,
0,0.016,4.063,
0,0,4.063,
1,0.015,4.078,
1,0.032,4.11,
0,0.015,4.125,
1,0.016,4.141,
0,0.016,4.157,
1,0.015,4.172,
1,0.031,4.203,
0,0.016,4.219,
1,0.016,4.235,
0,0.015,4.25,
0,0.016,4.266,
0,0,4.266,
0,0,4.266,
0,0,4.266,
0,0,4.266,
0,0,4.266,
1,0.016,4.282,
0,0.015,4.297,
1,0.016,4.313,
0,0.015,4.328,
1,0.016,4.344,
1,0.031,4.375,
1,0.032,4.407,
1,0.031,4.438,
0,0.015,4.453,
1,0.016,4.469,
0,0.016,4.485,
1,0.015,4.5,
0,0.032,4.532,
0,0,4.532,
0,0,4.532,
0,0,4.532,
0,0,4.532,
0,0,4.532,
1,0.015,4.547,
1,0.031,4.578,
0,0.016,4.594,
1,0.016,4.61,
0,0.015,4.625,
1,0.016,4.641,
1,0.031,4.672,
0,0.016,4.688,
1,0.015,4.703,
1,0.032,4.735,
0,0.015,4.75,
0,0.016,4.766,
0,0,4.766,
0,0,4.766,
0,0,4.766,
0,0,4.766,
0,0,4.766,
1,0.016,4.782,
0,0.015,4.797,
1,0.016,4.813,
1,0.031,4.844,
0,0.016,4.86,
0,0,4.86,
1,0.015,4.875,
0,0.016,4.891,
1,0.016,4.907,
1,0.031,4.938,
0,0.015,4.953,
0,0,4.953,
1,0.016,4.969,
1,0.031,5,
0,0.032,5.032,
0,0,5.032,
0,0,5.032,
0,0,5.032,
0,0,5.032,
0,0,5.032,
1,0.015,5.047,
1,0.031,5.078,
1,0.032,5.11,
0,0.015,5.125,
1,0.016,5.141,
1,0.031,5.172,
0,0.016,5.188,
1,0.015,5.203,
1,0.032,5.235,
0,0.031,5.266,
0,0,5.266,
0,0,5.266,
0,0,5.266,
0,0,5.266,
0,0,5.266,
1,0.016,5.282,
1,0.031,5.313,
0,0.015,5.328,
1,0.016,5.344,
0,0.016,5.36,
1,0.015,5.375,
1,0.032,5.407,
0,0.015,5.422,
1,0.016,5.438,
1,0.031,5.469,
1,0.031,5.5,
0,0.016,5.516,
0,0.016,5.532,
0,0,5.532,
0,0,5.532,
0,0,5.532,
0,0,5.532,
0,0,5.532,
1,0.015,5.547,
1,0.031,5.578,
1,0.032,5.61,
1,0.031,5.641,
1,0.031,5.672,
1,0.031,5.703,
1,0.047,5.75,
1,0.032,5.782,
1,0.031,5.813,
1,0.047,5.86,
1,0.031,5.891,
1,0.031,5.922,
1,0.031,5.953,
2,0.047,6,
2,0.078,6.078,
3,0.094,6.172,
3,0.11,6.282,
3,0.109,6.391,
4,0.109,6.5,
4,0.141,6.641,
5,0.172,6.813,
5,0.172,6.985,
6,0.187,7.172,
6,0.219,7.391,
7,0.219,7.61,
7,0.25,7.86,
8,0.25,8.11,
8,0.281,8.391,
9,0.297,8.688,
10,0.328,9.016,
10,0.344,9.36,
11,0.359,9.719,
12,0.391,10.11,
13,0.437,10.547,
14,0.469,11.016,
15,0.5,11.516,
18,0.594,12.11,
19,0.656,12.766,
21,0.687,13.453,
22,0.735,14.188,
24,0.781,14.969,
25,0.859,15.828,
28,0.907,16.735,
30,1,17.735,
32,1.078,18.813,
