Number of Particles of Type 1,50
Number of Particles of Type 2,50
Number of Particles of Type 3,50
Number of Particles of Type 4,50
Number of Updates,Frame Time,TotalTime,
0,0.031,0.031,
0,0,0.031,
0,0,0.031,
0,0,0.031,
0,0,0.031,
0,0,0.031,
0,0,0.031,
1,0.016,0.047,
1,0.031,0.078,
1,0.047,0.125,
1,0.015,0.14,
1,0.032,0.172,
0,0.015,0.187,
0,0,0.187,
0,0,0.187,
1,0.016,0.203,
0,0.015,0.218,
0,0,0.218,
1,0.016,0.234,
0,0.016,0.25,
0,0.015,0.265,
0,0,0.265,
0,0,0.265,
0,0,0.265,
0,0,0.265,
1,0.016,0.281,
0,0.016,0.297,
0,0,0.297,
0,0,0.297,
1,0.015,0.312,
0,0.016,0.328,
0,0,0.328,
0,0,0.328,
1,0.015,0.343,
0,0.016,0.359,
0,0,0.359,
0,0,0.359,
1,0.016,0.375,
0,0.015,0.39,
0,0,0.39,
0,0,0.39,
0,0,0.39,
1,0.016,0.406,
0,0.016,0.422,
1,0.015,0.437,
0,0.016,0.453,
0,0,0.453,
0,0,0.453,
1,0.015,0.468,
0,0.016,0.484,
0,0,0.484,
0,0,0.484,
0,0,0.484,
1,0.016,0.5,
0,0.015,0.515,
0,0,0.515,
0,0,0.515,
0,0,0.515,
0,0.016,0.531,
0,0,0.531,
0,0,0.531,
0,0,0.531,
0,0,0.531,
1,0.016,0.547,
0,0.015,0.562,
1,0.016,0.578,
0,0.015,0.593,
0,0,0.593,
0,0,0.593,
1,0.016,0.609,
0,0.016,0.625,
0,0,0.625,
1,0.015,0.64,
0,0.016,0.656,
1,0.016,0.672,
0,0.015,0.687,
0,0,0.687,
0,0,0.687,
1,0.016,0.703,
0,0.015,0.718,
0,0,0.718,
1,0.016,0.734,
0,0.016,0.75,
0,0,0.75,
0,0,0.75,
0,0.015,0.765,
0,0,0.765,
0,0,0.765,
0,0,0.765,
0,0,0.765,
1,0.016,0.781,
0,0.016,0.797,
0,0,0.797,
0,0,0.797,
1,0.015,0.812,
0,0.016,0.828,
0,0,0.828,
1,0.015,0.843,
0,0.016,0.859,
0,0,0.859,
0,0,0.859,
1,0.016,0.875,
0,0.015,0.89,
0,0,0.89,
1,0.016,0.906,
0,0.016,0.922,
0,0,0.922,
0,0,0.922,
1,0.015,0.937,
0,0.016,0.953,
0,0,0.953,
1,0.015,0.968,
1,0.032,1,
0,0.031,1.031,
0,0,1.031,
0,0,1.031,
0,0,1.031,
0,0,1.031,
1,0.016,1.047,
0,0.015,1.062,
0,0,1.062,
0,0,1.062,
0,0,1.062,
1,0.016,1.078,
0,0.015,1.093,
0,0,1.093,
0,0,1.093,
0,0,1.093,
1,0.016,1.109,
0,0.016,1.125,
0,0,1.125,
0,0,1.125,
0,0,1.125,
0,0,1.125,
1,0.015,1.14,
0,0.016,1.156,
0,0,1.156,
1,0.016,1.172,
0,0.015,1.187,
0,0,1.187,
0,0,1.187,
1,0.016,1.203,
0,0.015,1.218,
0,0,1.218,
0,0,1.218,
1,0.016,1.234,
0,0.016,1.25,
0,0,1.25,
0,0,1.25,
0,0,1.25,
0,0.015,1.265,
0,0,1.265,
0,0,1.265,
0,0,1.265,
0,0,1.265,
0,0,1.265,
0,0,1.265,
1,0.016,1.281,
0,0.016,1.297,
0,0,1.297,
0,0,1.297,
0,0,1.297,
1,0.015,1.312,
0,0.016,1.328,
0,0,1.328,
0,0,1.328,
0,0,1.328,
0,0,1.328,
1,0.015,1.343,
0,0.016,1.359,
0,0,1.359,
0,0,1.359,
0,0,1.359,
1,0.016,1.375,
0,0.015,1.39,
0,0,1.39,
0,0,1.39,
1,0.016,1.406,
0,0.016,1.422,
0,0,1.422,
1,0.015,1.437,
0,0.016,1.453,
0,0,1.453,
0,0,1.453,
0,0,1.453,
0,0,1.453,
1,0.015,1.468,
0,0.016,1.484,
0,0,1.484,
0,0,1.484,
0,0,1.484,
1,0.016,1.5,
0,0.015,1.515,
0,0,1.515,
0,0,1.515,
0,0,1.515,
0,0.016,1.531,
0,0,1.531,
0,0,1.531,
0,0,1.531,
0,0,1.531,
0,0,1.531,
1,0.016,1.547,
0,0.015,1.562,
0,0,1.562,
0,0,1.562,
0,0,1.562,
1,0.016,1.578,
0,0.015,1.593,
0,0,1.593,
0,0,1.593,
0,0,1.593,
1,0.016,1.609,
0,0.016,1.625,
0,0,1.625,
0,0,1.625,
0,0,1.625,
1,0.015,1.64,
0,0.016,1.656,
0,0,1.656,
0,0,1.656,
1,0.016,1.672,
0,0.015,1.687,
0,0,1.687,
0,0,1.687,
0,0,1.687,
1,0.016,1.703,
0,0.015,1.718,
0,0,1.718,
0,0,1.718,
0,0,1.718,
1,0.016,1.734,
0,0.016,1.75,
0,0,1.75,
0,0,1.75,
0,0,1.75,
0,0,1.75,
0,0.015,1.765,
0,0,1.765,
0,0,1.765,
0,0,1.765,
0,0,1.765,
0,0,1.765,
1,0.016,1.781,
0,0.016,1.797,
0,0,1.797,
0,0,1.797,
0,0,1.797,
1,0.015,1.812,
0,0.016,1.828,
0,0,1.828,
0,0,1.828,
0,0,1.828,
0,0,1.828,
1,0.015,1.843,
0,0.016,1.859,
0,0,1.859,
0,0,1.859,
0,0,1.859,
1,0.016,1.875,
0,0.015,1.89,
0,0,1.89,
0,0,1.89,
0,0,1.89,
0,0,1.89,
1,0.016,1.906,
0,0.016,1.922,
0,0,1.922,
0,0,1.922,
0,0,1.922,
1,0.015,1.937,
0,0.016,1.953,
0,0,1.953,
0,0,1.953,
0,0,1.953,
1,0.015,1.968,
0,0.016,1.984,
0,0,1.984,
0,0,1.984,
0,0,1.984,
0,0,1.984,
1,0.016,2,
0,0.015,2.015,
0,0,2.015,
0,0,2.015,
0,0.016,2.031,
0,0,2.031,
0,0,2.031,
0,0,2.031,
0,0,2.031,
0,0,2.031,
0,0,2.031,
1,0.016,2.047,
0,0.015,2.062,
0,0,2.062,
0,0,2.062,
0,0,2.062,
1,0.016,2.078,
0,0.015,2.093,
0,0,2.093,
0,0,2.093,
0,0,2.093,
0,0,2.093,
1,0.016,2.109,
0,0.016,2.125,
0,0,2.125,
0,0,2.125,
0,0,2.125,
0,0,2.125,
1,0.015,2.14,
0,0.016,2.156,
0,0,2.156,
0,0,2.156,
0,0,2.156,
1,0.016,2.172,
0,0.015,2.187,
0,0,2.187,
0,0,2.187,
0,0,2.187,
1,0.016,2.203,
0,0.015,2.218,
0,0,2.218,
0,0,2.218,
0,0,2.218,
1,0.016,2.234,
0,0.016,2.25,
0,0,2.25,
0,0,2.25,
0,0,2.25,
0,0,2.25,
0,0.015,2.265,
0,0,2.265,
0,0,2.265,
0,0,2.265,
0,0,2.265,
0,0,2.265,
1,0.016,2.281,
0,0.016,2.297,
0,0,2.297,
0,0,2.297,
0,0,2.297,
0,0,2.297,
1,0.015,2.312,
0,0.016,2.328,
0,0,2.328,
0,0,2.328,
0,0,2.328,
0,0,2.328,
1,0.015,2.343,
0,0.016,2.359,
0,0,2.359,
0,0,2.359,
0,0,2.359,
1,0.016,2.375,
0,0.015,2.39,
0,0,2.39,
0,0,2.39,
0,0,2.39,
0,0,2.39,
0,0,2.39,
1,0.016,2.406,
0,0.016,2.422,
0,0,2.422,
0,0,2.422,
0,0,2.422,
1,0.015,2.437,
0,0.016,2.453,
0,0,2.453,
0,0,2.453,
0,0,2.453,
1,0.015,2.468,
0,0.016,2.484,
0,0,2.484,
0,0,2.484,
0,0,2.484,
0,0,2.484,
1,0.016,2.5,
0,0.015,2.515,
0,0,2.515,
0,0,2.515,
0,0,2.515,
0,0.016,2.531,
0,0,2.531,
0,0,2.531,
0,0,2.531,
0,0,2.531,
0,0,2.531,
0,0,2.531,
1,0.016,2.547,
0,0.015,2.562,
0,0,2.562,
0,0,2.562,
0,0,2.562,
0,0,2.562,
1,0.016,2.578,
0,0.015,2.593,
0,0,2.593,
0,0,2.593,
0,0,2.593,
0,0,2.593,
1,0.016,2.609,
0,0.016,2.625,
0,0,2.625,
0,0,2.625,
0,0,2.625,
0,0,2.625,
1,0.015,2.64,
0,0.016,2.656,
0,0,2.656,
0,0,2.656,
0,0,2.656,
1,0.016,2.672,
0,0.015,2.687,
0,0,2.687,
0,0,2.687,
0,0,2.687,
1,0.016,2.703,
0,0.015,2.718,
0,0,2.718,
0,0,2.718,
0,0,2.718,
0,0,2.718,
1,0.016,2.734,
0,0.016,2.75,
0,0,2.75,
0,0,2.75,
0,0,2.75,
0,0,2.75,
0,0.015,2.765,
0,0,2.765,
0,0,2.765,
0,0,2.765,
0,0,2.765,
0,0,2.765,
1,0.016,2.781,
0,0.016,2.797,
0,0,2.797,
0,0,2.797,
0,0,2.797,
1,0.015,2.812,
0,0.016,2.828,
0,0,2.828,
0,0,2.828,
0,0,2.828,
1,0.015,2.843,
0,0.016,2.859,
0,0,2.859,
1,0.016,2.875,
0,0.015,2.89,
0,0,2.89,
0,0,2.89,
0,0,2.89,
1,0.016,2.906,
0,0.016,2.922,
0,0,2.922,
0,0,2.922,
0,0,2.922,
1,0.015,2.937,
0,0.016,2.953,
0,0,2.953,
0,0,2.953,
0,0,2.953,
1,0.015,2.968,
0,0.016,2.984,
0,0,2.984,
0,0,2.984,
0,0,2.984,
0,0,2.984,
1,0.016,3,
0,0.015,3.015,
0,0,3.015,
0,0,3.015,
0,0,3.015,
0,0.016,3.031,
0,0,3.031,
0,0,3.031,
0,0,3.031,
1,0.016,3.047,
0,0.015,3.062,
0,0,3.062,
1,0.016,3.078,
0,0.015,3.093,
0,0,3.093,
0,0,3.093,
0,0,3.093,
1,0.016,3.109,
0,0.016,3.125,
0,0,3.125,
0,0,3.125,
0,0,3.125,
1,0.015,3.14,
0,0.016,3.156,
0,0,3.156,
0,0,3.156,
0,0,3.156,
0,0,3.156,
1,0.016,3.172,
0,0.015,3.187,
0,0,3.187,
0,0,3.187,
0,0,3.187,
0,0,3.187,
1,0.016,3.203,
0,0.015,3.218,
0,0,3.218,
0,0,3.218,
0,0,3.218,
0,0,3.218,
1,0.016,3.234,
0,0.016,3.25,
0,0,3.25,
0,0,3.25,
0,0,3.25,
0,0.015,3.265,
0,0,3.265,
0,0,3.265,
0,0,3.265,
0,0,3.265,
0,0,3.265,
1,0.016,3.281,
0,0.016,3.297,
0,0,3.297,
0,0,3.297,
0,0,3.297,
1,0.015,3.312,
0,0.016,3.328,
0,0,3.328,
0,0,3.328,
0,0,3.328,
1,0.015,3.343,
0,0.016,3.359,
0,0,3.359,
0,0,3.359,
1,0.016,3.375,
0,0.015,3.39,
0,0,3.39,
0,0,3.39,
1,0.016,3.406,
0,0.016,3.422,
0,0,3.422,
0,0,3.422,
0,0,3.422,
1,0.015,3.437,
0,0.016,3.453,
0,0,3.453,
0,0,3.453,
0,0,3.453,
1,0.015,3.468,
0,0.016,3.484,
0,0,3.484,
1,0.016,3.5,
0,0.015,3.515,
0,0,3.515,
0,0,3.515,
0,0,3.515,
0,0.016,3.531,
0,0,3.531,
0,0,3.531,
0,0,3.531,
0,0,3.531,
0,0,3.531,
1,0.016,3.547,
0,0.015,3.562,
0,0,3.562,
0,0,3.562,
0,0,3.562,
0,0,3.562,
1,0.016,3.578,
0,0.015,3.593,
0,0,3.593,
0,0,3.593,
1,0.016,3.609,
0,0.016,3.625,
0,0,3.625,
0,0,3.625,
0,0,3.625,
1,0.015,3.64,
0,0.016,3.656,
0,0,3.656,
0,0,3.656,
0,0,3.656,
0,0,3.656,
1,0.016,3.672,
0,0.015,3.687,
0,0,3.687,
0,0,3.687,
0,0,3.687,
1,0.016,3.703,
0,0.015,3.718,
0,0,3.718,
0,0,3.718,
0,0,3.718,
0,0,3.718,
1,0.016,3.734,
0,0.016,3.75,
0,0,3.75,
0,0,3.75,
0,0,3.75,
0,0.015,3.765,
0,0,3.765,
0,0,3.765,
0,0,3.765,
0,0,3.765,
0,0,3.765,
1,0.016,3.781,
0,0.016,3.797,
0,0,3.797,
0,0,3.797,
0,0,3.797,
0,0,3.797,
1,0.015,3.812,
0,0.016,3.828,
0,0,3.828,
0,0,3.828,
0,0,3.828,
0,0,3.828,
1,0.015,3.843,
0,0.016,3.859,
0,0,3.859,
0,0,3.859,
0,0,3.859,
1,0.016,3.875,
0,0.015,3.89,
0,0,3.89,
0,0,3.89,
0,0,3.89,
0,0,3.89,
1,0.016,3.906,
0,0.016,3.922,
0,0,3.922,
0,0,3.922,
0,0,3.922,
1,0.015,3.937,
0,0.016,3.953,
0,0,3.953,
0,0,3.953,
0,0,3.953,
0,0,3.953,
1,0.015,3.968,
0,0.016,3.984,
0,0,3.984,
0,0,3.984,
0,0,3.984,
0,0,3.984,
1,0.016,4,
0,0.015,4.015,
0,0,4.015,
0,0,4.015,
0,0,4.015,
0,0.016,4.031,
0,0,4.031,
0,0,4.031,
0,0,4.031,
0,0,4.031,
0,0,4.031,
0,0,4.031,
1,0.016,4.047,
0,0.015,4.062,
0,0,4.062,
0,0,4.062,
0,0,4.062,
0,0,4.062,
1,0.016,4.078,
0,0.015,4.093,
0,0,4.093,
0,0,4.093,
0,0,4.093,
0,0,4.093,
1,0.016,4.109,
0,0.016,4.125,
0,0,4.125,
0,0,4.125,
0,0,4.125,
1,0.015,4.14,
0,0.016,4.156,
0,0,4.156,
0,0,4.156,
0,0,4.156,
0,0,4.156,
1,0.016,4.172,
0,0.015,4.187,
0,0,4.187,
0,0,4.187,
0,0,4.187,
0,0,4.187,
1,0.016,4.203,
0,0.015,4.218,
0,0,4.218,
0,0,4.218,
0,0,4.218,
0,0,4.218,
1,0.016,4.234,
0,0.016,4.25,
0,0,4.25,
0,0,4.25,
0,0,4.25,
0,0,4.25,
0,0.015,4.265,
0,0,4.265,
0,0,4.265,
0,0,4.265,
0,0,4.265,
0,0,4.265,
1,0.016,4.281,
0,0.016,4.297,
0,0,4.297,
0,0,4.297,
0,0,4.297,
0,0,4.297,
1,0.015,4.312,
0,0.016,4.328,
0,0,4.328,
0,0,4.328,
1,0.015,4.343,
0,0.016,4.359,
0,0,4.359,
0,0,4.359,
0,0,4.359,
0,0,4.359,
1,0.016,4.375,
0,0.015,4.39,
0,0,4.39,
0,0,4.39,
0,0,4.39,
0,0,4.39,
0,0,4.39,
1,0.016,4.406,
0,0.016,4.422,
0,0,4.422,
0,0,4.422,
0,0,4.422,
0,0,4.422,
1,0.015,4.437,
0,0.016,4.453,
0,0,4.453,
0,0,4.453,
0,0,4.453,
0,0,4.453,
1,0.015,4.468,
0,0.016,4.484,
0,0,4.484,
0,0,4.484,
0,0,4.484,
0,0,4.484,
1,0.016,4.5,
0,0.015,4.515,
0,0,4.515,
0,0,4.515,
0,0,4.515,
0,0,4.515,
0,0.016,4.531,
0,0,4.531,
0,0,4.531,
0,0,4.531,
0,0,4.531,
0,0,4.531,
1,0.016,4.547,
0,0.015,4.562,
0,0,4.562,
0,0,4.562,
0,0,4.562,
0,0,4.562,
1,0.016,4.578,
0,0.015,4.593,
0,0,4.593,
0,0,4.593,
0,0,4.593,
0,0,4.593,
0,0,4.593,
1,0.016,4.609,
0,0.016,4.625,
0,0,4.625,
0,0,4.625,
0,0,4.625,
0,0,4.625,
1,0.015,4.64,
0,0.016,4.656,
0,0,4.656,
0,0,4.656,
0,0,4.656,
0,0,4.656,
1,0.016,4.672,
0,0.015,4.687,
0,0,4.687,
0,0,4.687,
0,0,4.687,
0,0,4.687,
1,0.016,4.703,
0,0.015,4.718,
0,0,4.718,
0,0,4.718,
0,0,4.718,
0,0,4.718,
1,0.016,4.734,
0,0.016,4.75,
0,0,4.75,
0,0,4.75,
0,0,4.75,
0,0,4.75,
0,0.015,4.765,
0,0,4.765,
0,0,4.765,
0,0,4.765,
0,0,4.765,
0,0,4.765,
0,0,4.765,
1,0.016,4.781,
0,0.016,4.797,
0,0,4.797,
0,0,4.797,
0,0,4.797,
0,0,4.797,
1,0.015,4.812,
0,0.016,4.828,
0,0,4.828,
0,0,4.828,
0,0,4.828,
0,0,4.828,
0,0,4.828,
1,0.015,4.843,
0,0.016,4.859,
0,0,4.859,
0,0,4.859,
0,0,4.859,
0,0,4.859,
1,0.016,4.875,
0,0.015,4.89,
0,0,4.89,
0,0,4.89,
0,0,4.89,
0,0,4.89,
1,0.016,4.906,
0,0.016,4.922,
0,0,4.922,
0,0,4.922,
0,0,4.922,
0,0,4.922,
1,0.015,4.937,
0,0.016,4.953,
0,0,4.953,
0,0,4.953,
0,0,4.953,
0,0,4.953,
1,0.015,4.968,
0,0.016,4.984,
0,0,4.984,
0,0,4.984,
0,0,4.984,
0,0,4.984,
1,0.016,5,
0,0.015,5.015,
0,0,5.015,
